[
    [
        4.574868384760551,
        5.164877134143263,
        6.172603597669944,
        3.2064993528637142,
        1.8299279320799116,
        -0.8040680460891538,
        2.683594890853877,
        4.371518172298495,
        4.6612047784296164,
        1e+20,
        1e+25,
        -0.2504155333374882
    ],
    [
        2.9478859389986716,
        5.106516362391406,
        5.241374527202274,
        3.4485878952022304,
        2.3017519145437624,
        1.4051753019968478,
        1.627479142881782,
        4.710180462333706,
        4.150660650229425,
        1e+20,
        1e+25,
        -0.05470021294249072
    ],
    [
        2.7217528307997503,
        3.2530714354801686,
        3.745047097203022,
        4.165314398401027,
        0.20247814297849664,
        1.5564658696497728,
        3.776332267497101,
        4.842748528043142,
        3.019164364277325,
        1e+20,
        1e+25,
        1.818637683397753
    ],
    [
        3.0054070952668432,
        4.8493962360060685,
        4.886100802928987,
        2.763562601814461,
        3.0429520670431263,
        0.9381163761416578,
        4.211582419490587,
        6.270485981303598,
        4.714663084983756,
        1e+20,
        1e+25,
        -0.11122629565334563
    ],
    [
        5.486801235933201,
        6.764047680318308,
        2.19315846626425,
        4.307738107825089,
        2.2963707051033433,
        0.09435958067851002,
        3.898185270416602,
        5.533123239645857,
        3.348567715366653,
        1e+20,
        1e+25,
        -0.10324151563902018
    ],
    [
        3.7003939984109078,
        4.0126025417364,
        4.945657591066969,
        3.2664898509461624,
        2.425858414720371,
        0.3200604379142338,
        3.052381070593274,
        5.462987331531763,
        3.4980831203440212,
        1e+20,
        1e+25,
        0.11234035974397194
    ],
    [
        2.457393902828011,
        4.540621167790138,
        4.790983834252087,
        2.086393582876795,
        2.317265403086253,
        -0.3163561571798891,
        2.2157629803080794,
        4.948489090541763,
        4.003622931938576,
        1e+20,
        1e+25,
        0.5647574117741712
    ],
    [
        3.070062894044049,
        2.7056744553974434,
        3.078730129015023,
        0.5459791514264845,
        1.149019351507616,
        1.1009968956452392,
        3.063921366206024,
        5.880070711455514,
        2.6639859381421505,
        1e+20,
        1e+25,
        0.6672608425384084
    ],
    [
        1.816664232807605,
        5.770949872338912,
        4.538876888787294,
        4.642152546110433,
        1.746875385279238,
        -0.7236001353561115,
        3.9278403283605803,
        5.731529270774943,
        3.9011859412387917,
        1e+20,
        1e+25,
        -0.24027044128414266
    ],
    [
        4.470592874301835,
        4.445157499520176,
        4.944337635237984,
        2.030168983818012,
        -0.054694165062864286,
        -0.8074152016864866,
        2.019297768280759,
        4.451673347547469,
        3.7415684939074927,
        1e+20,
        1e+25,
        -1.131939857694341
    ],
    [
        1.0497740354924905,
        4.620534929457234,
        3.3802473329175693,
        2.115569849666151,
        0.5404154806363424,
        1.1234004482532436,
        3.0731628183718356,
        3.8564109596378304,
        3.05999800224021,
        1e+20,
        1e+25,
        1.2623775404878306
    ],
    [
        1.977530194914014,
        5.933355939067612,
        2.253535004317091,
        3.284049005762392,
        1.9966601572848113,
        -0.30453331288773433,
        2.9569783349845022,
        5.46803149448942,
        4.344107322418335,
        1e+20,
        1e+25,
        -0.1410314840779766
    ],
    [
        3.142000449393066,
        6.092080801611923,
        3.7658434114516424,
        1.1215158002065886,
        4.550911787520642,
        1.457696999628302,
        2.7697149994333508,
        3.802360546114059,
        4.380389830973737,
        1e+20,
        1e+25,
        -1.2501891940866119
    ],
    [
        4.071315460772553,
        5.3049936291833335,
        4.249157562229779,
        1.8235850337774142,
        2.5037163558802114,
        2.2376639296553384,
        2.476999502098221,
        4.607760626088095,
        4.543582890422372,
        1e+20,
        1e+25,
        0.21785389679372247
    ],
    [
        4.529162552577954,
        6.015574762416059,
        3.7972073576946515,
        2.379512642596816,
        2.8537907200412365,
        0.6033718007507531,
        1.7679506453675429,
        6.074335515708732,
        3.9503068946650064,
        1e+20,
        1e+25,
        0.5165019352588751
    ],
    [
        2.4664029828980345,
        5.626907560166648,
        2.6717155610103718,
        2.9274746675686627,
        2.006946674610669,
        2.611398320350317,
        4.207714063391231,
        4.988270354504825,
        4.225947269902092,
        1e+20,
        1e+25,
        0.044726204058034846
    ],
    [
        3.4158104913765452,
        3.151310054518446,
        3.0395649678717587,
        4.575790142501231,
        1.1238139457990268,
        1.938104411285223,
        2.6706610233238357,
        3.096159477986263,
        3.207964253858239,
        1e+20,
        1e+25,
        0.09235120984695411
    ],
    [
        2.964334716529241,
        5.270369728158714,
        5.477038594850936,
        3.0371774258870223,
        1.777429471693703,
        2.522861878008182,
        1.9867105670075758,
        4.502017952459149,
        3.5456601870179054,
        1e+20,
        1e+25,
        -0.12089325369535853
    ],
    [
        2.9262963073079695,
        5.35046098127359,
        3.0699365020905964,
        3.752399504626818,
        1.5668708084134408,
        -0.0035150091227833524,
        2.9361914437429446,
        5.754109786429208,
        5.069975899403195,
        1e+20,
        1e+25,
        0.5805001114774619
    ],
    [
        2.1203513592969836,
        6.675956160808842,
        4.7799929127592975,
        2.1351326844733647,
        1.8850595304171796,
        0.31812412188378736,
        3.2992013766297963,
        4.517739727232765,
        4.144950693740219,
        1e+20,
        1e+25,
        1.9516852251695043
    ],
    [
        3.3500201719776,
        5.174602057558673,
        3.8362190662218882,
        4.213701373750594,
        2.148413799691632,
        -0.5447565950661599,
        3.9182265520720505,
        6.2562983458998085,
        4.5240658004100345,
        1e+20,
        1e+25,
        0.21715017090177502
    ],
    [
        3.6178585900580122,
        6.3206974453941305,
        3.915203649949453,
        2.5286700632033434,
        2.1219312694118804,
        -0.18051439039513972,
        2.981048986395274,
        5.183722454860688,
        4.009470264777609,
        1e+20,
        1e+25,
        -0.9640755038317272
    ],
    [
        3.449197353932572,
        5.699212352784403,
        5.523329378796372,
        5.41680225092202,
        0.5820166907522603,
        0.5694307399317484,
        1.7336255336473463,
        3.1378394584765728,
        4.941443268935199,
        1e+20,
        1e+25,
        2.2493312426150642
    ],
    [
        6.347475324519693,
        6.571685912280389,
        3.960283889589452,
        3.3207885298797475,
        1.9449382438874852,
        -0.3045292487536908,
        0.7259328554993828,
        5.036335795573184,
        3.476294831627758,
        1e+20,
        1e+25,
        1.0740669134912046
    ],
    [
        4.356679890048806,
        6.1426194218694175,
        3.6335804545385937,
        3.543908979330012,
        2.543808071468811,
        1.5296995820060224,
        3.280203460044868,
        3.4487277161630168,
        3.8296877031115697,
        1e+20,
        1e+25,
        -0.19448562984470563
    ],
    [
        2.3128925595813064,
        5.10068491116874,
        4.4611326564405305,
        2.7548605420508796,
        3.7529009311518786,
        3.680795686224826,
        2.5523153742994116,
        5.071506191232402,
        4.0469781454525915,
        1e+20,
        1e+25,
        -0.995280915873546
    ],
    [
        2.885276843887696,
        5.269343237314688,
        5.018171613395698,
        3.7498188413592297,
        2.2374230041116148,
        1.5369388269918791,
        4.4088415461534805,
        4.411149099172515,
        2.446168181080942,
        1e+20,
        1e+25,
        1.2973859435129929
    ],
    [
        2.309372918666433,
        5.941968238976354,
        4.80479096794982,
        3.762435366539109,
        2.5396612575896125,
        0.7320938268833379,
        2.406423611191903,
        4.600771874423673,
        4.264036934946953,
        1e+20,
        1e+25,
        0.6671815143012143
    ],
    [
        3.690703681804529,
        3.8874944531988556,
        3.248103678012359,
        1.7579252763577307,
        2.6953641246713165,
        1.0221048978341616,
        3.5266035523307355,
        3.995357821933972,
        4.221854532521064,
        1e+20,
        1e+25,
        0.8248006085695532
    ],
    [
        2.855811255854482,
        5.804754284638995,
        2.905899874971388,
        1.6849811296555908,
        1.0808340148369084,
        1.8420701987768044,
        3.403624978906845,
        4.477578405597601,
        5.363351431578401,
        1e+20,
        1e+25,
        0.11071190203567927
    ],
    [
        2.8889127098397065,
        6.67571279121816,
        4.8462777620017885,
        3.0994986975488747,
        1.31937056003276,
        1.4780722146130802,
        4.865399728089017,
        4.497180249801496,
        4.795014387919157,
        1e+20,
        1e+25,
        0.10564801647370126
    ],
    [
        3.25616532124603,
        5.760850667248945,
        4.146103314847733,
        2.0316208924920107,
        1.67630534620519,
        0.7356388964252795,
        1.413073066754631,
        1e+20,
        1e+25,
        2.1896934235268697
    ]
]








[
    [
        3.305393204196761,
        5.089964929344972,
        4.625877110446525,
        3.1816205745452435,
        2.7081120304314625,
        0.8674217961807168,
        1.9974390722502546,
        5.951902826153808,
        3.929176667328178,
        1e+20,
        1e+25,
        -1.0855567479186083
    ],
    [
        3.247453242764137,
        5.527140465834336,
        3.5703066455905983,
        1.3144599612912957,
        3.864576275217983,
        1.1645735322301063,
        3.132624729057437,
        5.509166081530428,
        3.0237487269097105,
        1e+20,
        1e+25,
        0.2390131635426217
    ],
    [
        2.097876177430744,
        4.129646550935117,
        3.7925265943704245,
        3.401013962614936,
        1.3726320970739396,
        0.8734234884110337,
        2.5595115970788425,
        4.417073990789534,
        3.420930243431969,
        1e+20,
        1e+25,
        1.7628844385501425
    ],
    [
        3.2618175632787314,
        4.126915418866264,
        4.377600836063991,
        4.078901821454885,
        2.571078815598317,
        2.3596562968872514,
        1.4286064154410054,
        5.866550299117207,
        4.459252593396425,
        1e+20,
        1e+25,
        1.0462687470779133
    ],
    [
        4.10247103631148,
        4.0971382480011425,
        3.293643129633501,
        2.112251801756108,
        2.0744834165563257,
        0.35291417219279475,
        2.9938009677898494,
        4.326392202013157,
        5.286942423243884,
        1e+20,
        1e+25,
        -0.5291124299645869
    ],
    [
        2.7976968205958648,
        6.193231374058618,
        2.8812227797061487,
        2.737909555524524,
        0.754405808047008,
        -1.152492164654418,
        3.7219015854678412,
        4.10116613565864,
        4.385358473997557,
        1e+20,
        1e+25,
        1.3022691657765981
    ],
    [
        4.234532478446396,
        5.613835704055518,
        2.701602488921227,
        3.8338313859101008,
        1.5535364212039338,
        0.8079790881852723,
        1.514001315795084,
        4.414545682131155,
        4.587718663501112,
        1e+20,
        1e+25,
        0.6526027148228034
    ],
    [
        3.651040032158686,
        5.415062046087957,
        4.494129782287522,
        2.398421777363485,
        2.319795437817565,
        0.5924065340472461,
        0.9883408519994993,
        5.677817141560299,
        3.9688380909870977,
        1e+20,
        1e+25,
        -0.18673746660465373
    ],
    [
        2.608749861977797,
        5.769484680526969,
        5.313058100202748,
        2.42439096141008,
        0.7789698199620995,
        1.5817932260482435,
        2.5774555467365694,
        5.6139366980683265,
        2.825310368175844,
        1e+20,
        1e+25,
        0.9964847383590717
    ],
    [
        3.5995969162493684,
        6.843674997284205,
        4.873918365083725,
        3.3059792809373807,
        2.2490973221115724,
        1.133226974191803,
        4.458622218136466,
        6.035391101682382,
        2.4069415964366154,
        1e+20,
        1e+25,
        -0.027394965684973682
    ],
    [
        3.927577734846923,
        6.065140354945834,
        3.734470787655608,
        1.5069558765769648,
        2.3367352212614305,
        0.5140888277218085,
        4.018630902149599,
        5.03368654677958,
        4.297333467399289,
        1e+20,
        1e+25,
        1.034239044801864
    ],
    [
        3.79466931995985,
        3.5423830372287846,
        5.048222520847585,
        3.640897788662527,
        2.428235042063229,
        1.1808121503113456,
        4.785353749806309,
        5.579471665108195,
        4.732132892250433,
        1e+20,
        1e+25,
        0.2460678337315073
    ],
    [
        5.174797785234575,
        4.555478609674236,
        4.899221322412915,
        1.990252883009767,
        2.8107394679232947,
        -0.12090727025037551,
        4.213934570918418,
        5.4533201387340045,
        4.060998646075697,
        1e+20,
        1e+25,
        0.030906208866973928
    ],
    [
        3.272169114280552,
        5.761295329681787,
        1.7640229025226901,
        2.779437320179398,
        0.8523503202392826,
        0.7831520675543759,
        2.924750193079261,
        5.492823231409095,
        4.175314642160451,
        1e+20,
        1e+25,
        0.9628781344370756
    ],
    [
        4.211649695377596,
        5.643777828473485,
        3.6926878444841247,
        2.4301571276374827,
        2.616211006742432,
        0.24698795742879076,
        3.391032979040867,
        6.234643092046662,
        4.37153040224783,
        1e+20,
        1e+25,
        -0.7079388970975439
    ],
    [
        2.931301124045041,
        3.939048312367906,
        4.039536348354357,
        3.7248404518386034,
        2.3017846982377677,
        -0.0657362171493524,
        3.012603985130898,
        5.291404650499259,
        3.5807114290354516,
        1e+20,
        1e+25,
        0.6240765425681425
    ]
]